-1.7105827775834815e-06
1.8924714487542142
-0.35522699004452696
-0.301603042989928
-0.17378727068384073
-0.1032397685349177
-0.06275039514128058
-0.03884024021735743
-0.024474281411480583
-0.015673394560579975
-0.01013249997576348
-0.006688440198853522
-0.0044936559120239425
-0.0031510356086436957
-0.002298034423808795
-0.0016758331514827652
-0.0012386488325669912
-0.0010301428066579008
-0.0007853082895302026
-0.0006685472349580731
-0.0006444851164031829
-0.000554526499968659
-0.0005441078162381715
-0.0004408283143622311
-0.00043525679676302044
-0.0004065914578920178
-0.0003617333951576515
-0.0003290823558570787
-0.0003592762098901496
-0.00036460071165508076
-0.0003551824862528599
-0.00033451953788679676
-0.0004002380769528827
-0.00041715979922965843
-0.00030855820558016466
-0.00039718058576925695
-0.00030192457638442334
-0.00036080993742137373
-0.00037691609783024063
-0.00032411938273751534
-0.00032858870533003835
-0.0002495219255904135
-0.0002692287063098388
-0.00036556288056508043
-0.0002892680978732402
-0.0002856029359589994
-0.000296776843519131
-0.0003270400515594857
-0.000285398453875069
-0.00026320589478982765
-0.00030446756951534054
-0.0002690303825217561
-0.00022570434792449295
-0.00022835101325107521
-0.00026422521593474576
-0.0001852447505566253
-0.0002682233941225251
-0.00022273982229136497
-0.00015979913916852072
-0.00018809968917297463
-0.00020679264064163614
-0.00010872757374455514
-0.00015787515212028013
-7.821874179754468e-05
-0.00010331363357832894
-0.00016399256358888694
-0.00011531905541204795
-0.00015183627692406381
-0.00011682959819064099
-0.00010199340955610123
-0.00013837993549841818
-0.00010167950937156161
-0.0001390255218139517
-2.4200177230848397e-05
-2.1957679870486182e-05
-0.00010478598499263296
-3.594233386323136e-05
-0.00017388661197384814
-9.692488851671105e-05
-7.013935743635473e-05
-0.00013706552119584323
-7.543815930875902e-05
-0.00011077809678629125
-5.6726822463738654e-05
-9.426886461313413e-06
-9.989059549901693e-05
-9.917851131587836e-05
-0.00018005387962751726
-0.00015719383751191328
-2.9767877674627204e-05
-6.41061184403017e-05
2.981362940692085e-06
-4.885695263056817e-05
-0.00011442152587680093
-6.794092156035943e-05
-8.408107562840687e-05
-3.709563269869824e-05
-8.054209005608248e-05
-7.829483445019467e-05
-4.134923441103375e-05